learning rate = 0.1, momentum = 0.0, weight decay = 0.0

(2,1) [ 1.]
(2,2) [ 2.]
(2,3) [ 1.58476845]
(2,4) [ 1.58827758]
(2,5) [ 1.58827945]
(2,6) [ 1.58827945]
(2,7) [ 1.58827945]
(2,8) [ 1.58827945]
(2,9) [ 1.58827945]
(2,10) [ 1.58827945]
(3,1) [ 0.99940695]
(3,2) [ 1.00206377]
(3,3) [ 3.38776544]
(3,4) [ 1.58842719]
(3,5) [ 1.58827903]
(3,6) [ 1.58827945]
(3,7) [ 1.58827945]
(3,8) [ 1.58827945]
(3,9) [ 1.58827945]
(3,10) [ 1.58827945]
(4,1) [ 0.99940584]
(4,2) [ 0.99941081]
(4,3) [ 1.01127187]
(4,4) [ 4.41099692]
(4,5) [ 1.58941163]
(4,6) [ 1.58827936]
(4,7) [ 1.58827945]
(4,8) [ 1.58827945]
(4,9) [ 1.58827945]
(4,10) [ 1.58827945]
(5,1) [ 0.99940584]
(5,2) [ 0.99940585]
(5,3) [ 0.99942807]
(5,4) [ 1.05195013]
(5,5) [ 4.77198339]
(5,6) [ 1.58982709]
(5,7) [ 1.58827943]
(5,8) [ 1.58827945]
(5,9) [ 1.58827945]
(5,10) [ 1.58827945]


-----------------------------
learning rate = 0.05, momentum = 0.0, weight decay = 0.0

(2,1) [ 1.]
(2,2) [ 2.]
(2,3) [ 1.49751892]
(2,4) [ 1.49748312]
(2,5) [ 1.49748312]
(2,6) [ 1.49748312]
(2,7) [ 1.49748312]
(2,8) [ 1.49748312]
(2,9) [ 1.49748312]
(2,10) [ 1.49748312]
(3,1) [ 0.99766202]
(3,2) [ 1.00265698]
(3,3) [ 3.34814098]
(3,4) [ 1.49770468]
(3,5) [ 1.49748313]
(3,6) [ 1.49748312]
(3,7) [ 1.49748312]
(3,8) [ 1.49748312]
(3,9) [ 1.49748312]
(3,10) [ 1.49748312]
(4,1) [ 0.99766192]
(4,2) [ 0.99766209]
(4,3) [ 1.00590817]
(4,4) [ 4.49900407]
(4,5) [ 1.49879304]
(4,6) [ 1.49748319]
(4,7) [ 1.49748312]
(4,8) [ 1.49748312]
(4,9) [ 1.49748312]
(4,10) [ 1.49748312]
(5,1) [ 0.99766192]
(5,2) [ 0.99766192]
(5,3) [ 0.9976622]
(5,4) [ 1.010959]
(5,5) [ 4.85216305]
(5,6) [ 1.50518008]
(5,7) [ 1.49748352]
(5,8) [ 1.49748312]
(5,9) [ 1.49748312]
(5,10) [ 1.49748312]


-----------------------
learning rate = 0.1, momentum = 0.01, weight decay = 0.0

(2,1) [ 1.]
(2,2) [ 2.]
(2,3) [ 1.60972379]
(2,4) [ 1.60970834]
(2,5) [ 1.60970833]
(2,6) [ 1.60970833]
(2,7) [ 1.60970833]
(2,8) [ 1.60970833]
(2,9) [ 1.60970833]
(2,10) [ 1.60970833]
(3,1) [ 0.99726494]
(3,2) [ 1.00242673]
(3,3) [ 3.27804438]
(3,4) [ 1.60982174]
(3,5) [ 1.60970834]
(3,6) [ 1.60970833]
(3,7) [ 1.60970833]
(3,8) [ 1.60970833]
(3,9) [ 1.60970833]
(3,10) [ 1.60970833]
(4,1) [ 0.99726484]
(4,2) [ 0.99726501]
(4,3) [ 1.00559061]
(4,4) [ 4.41510493]
(4,5) [ 1.61046885]
(4,6) [ 1.60970836]
(4,7) [ 1.60970833]
(4,8) [ 1.60970833]
(4,9) [ 1.60970833]
(4,10) [ 1.60970833]
(5,1) [ 0.99726484]
(5,2) [ 0.99726484]
(5,3) [ 0.9972651]
(5,4) [ 1.0105084]
(5,5) [ 4.73468872]
(5,6) [ 1.61476201]
(5,7) [ 1.60970849]
(5,8) [ 1.60970834]
(5,9) [ 1.60970833]
(5,10) [ 1.60970833]
